70
420 286 40 40
464 377 40 40
310 437 40 40
434 470 40 40
537 59 40 40
448 89 40 40
374 283 40 40
147 471 40 40
732 397 40 40
673 27 40 40
156 482 40 40
392 231 40 40
225 68 40 40
672 407 40 40
25 104 40 40
283 297 40 40
642 247 40 40
75 404 40 40
336 361 40 40
74 274 40 40
772 274 40 40
215 346 40 40
657 262 40 40
617 442 40 40
612 190 40 40
721 268 40 40
351 450 40 40
734 23 40 40
609 159 40 40
579 92 40 40
309 221 40 40
39 336 40 40
125 376 40 40
349 352 40 40
450 321 40 40
178 217 40 40
667 36 40 40
131 484 40 40
530 343 40 40
526 151 40 40
263 51 40 40
317 315 40 40
390 210 40 40
563 170 40 40
703 124 40 40
143 494 40 40
360 221 40 40
373 372 40 40
582 51 40 40
89 349 40 40
139 273 40 40
485 121 40 40
68 211 40 40
673 432 40 40
362 142 40 40
499 115 40 40
346 141 40 40
526 261 40 40
163 481 40 40
85 407 40 40
275 197 40 40
128 198 40 40
258 53 40 40
370 240 40 40
489 248 40 40
585 126 40 40
69 105 40 40
737 494 40 40
89 452 40 40
37 488 40 40
